magic
tech sky130A
magscale 1 2
timestamp 1774900443
<< locali >>
rect 1284 34544 1296 34736
rect 1284 32996 1476 34544
rect 1824 34604 2544 34796
rect 2736 34604 3424 34796
rect 1824 34184 2016 34604
rect 3232 34207 3424 34604
rect -296 32804 5496 32996
rect -96 29200 96 32804
rect 160 32312 560 32392
rect 160 31378 608 31458
rect 160 30444 630 30524
rect 1568 30518 1859 32804
rect 160 29510 597 29590
rect 1568 29415 1859 30450
rect 3331 29110 3621 32804
rect 5093 29200 5285 32804
rect 3802 27876 3994 28677
rect 5210 27876 5402 28716
rect -197 27684 5402 27876
rect -197 27681 5397 27684
rect 682 25804 874 27681
rect 941 27147 1342 27227
rect 941 26213 1257 26293
rect 1834 25813 2125 27681
rect 3085 25811 3375 27681
rect 4335 26090 4527 27681
rect 4335 25910 4341 26090
rect 4521 25910 4527 26090
rect 4335 25904 4527 25910
rect 2500 25226 3147 25466
rect 2570 22338 2687 22392
rect 2515 22175 2687 22338
<< viali >>
rect 1296 34544 1476 34736
rect 2544 34604 2736 34796
rect 4341 25910 4521 26090
rect 1669 25250 1850 25431
rect 3380 25226 3608 25466
rect 2514 22014 2687 22175
<< metal1 >>
rect 2071 34878 2243 34881
rect -598 34796 5998 34878
rect -598 34736 2544 34796
rect -598 34544 1296 34736
rect 1476 34604 2544 34736
rect 2736 34604 5998 34796
rect 1476 34544 5998 34604
rect -598 34482 5998 34544
rect 2208 34057 2400 34482
rect 2080 33711 2144 33717
rect 2080 33641 2144 33647
rect 2848 33500 3040 33876
rect -598 33420 5998 33500
rect -598 33180 2495 33420
rect 2735 33180 5998 33420
rect -598 33104 5998 33180
rect 160 32992 224 32998
rect 160 29200 224 32928
rect 288 29584 480 33104
rect 1923 32992 1987 32998
rect 1184 29096 1376 32696
rect 1923 29248 1987 32928
rect 1184 28898 1376 28904
rect 1685 29096 1877 29102
rect 2051 29096 2243 33104
rect 3685 32992 3749 32998
rect 3002 32928 3008 32992
rect 3072 32928 3078 32992
rect 3008 32716 3072 32928
rect 2947 29096 3139 32716
rect 3685 29122 3749 32928
rect 3813 29262 4005 33104
rect 3320 29096 3512 29102
rect 45 28768 51 28832
rect 115 28768 121 28832
rect 51 28573 115 28768
rect 179 22275 371 28341
rect 1685 28308 1877 28904
rect 3314 28904 3320 29096
rect 3512 28904 3518 29096
rect 4709 29096 4901 32696
rect 3685 29052 3749 29058
rect 4180 28904 4186 29096
rect 4378 28904 4384 29096
rect 4703 28904 4709 29096
rect 4901 28904 4907 29096
rect 2947 28898 3139 28904
rect 819 27876 1011 28136
rect 819 27678 1011 27684
rect 1450 27876 1642 27882
rect 937 25733 1002 27356
rect 1450 27355 1642 27684
rect 2069 27876 2261 28782
rect 3320 28444 3512 28904
rect 4186 28532 4378 28904
rect 5082 28832 5146 28838
rect 5082 28560 5146 28768
rect 4180 28340 4186 28532
rect 4378 28340 4384 28532
rect 2325 28236 2389 28316
rect 2069 27678 2261 27684
rect 2701 27876 2893 27882
rect 937 25662 1002 25668
rect 1066 22275 1258 27106
rect 1449 26097 1641 27330
rect 1449 25437 1642 26097
rect 2189 25732 2253 27392
rect 2189 25662 2253 25668
rect 1449 25431 1862 25437
rect 1449 25250 1669 25431
rect 1850 25250 1862 25431
rect 1449 25244 1862 25250
rect 2317 22275 2509 27416
rect 2701 26024 2893 27684
rect 2936 27876 3128 28317
rect 2936 27678 3128 27684
rect 3567 27876 3759 27882
rect 3567 26274 3759 27684
rect 4186 27876 4378 28340
rect 4826 27996 5018 28340
rect 5082 28236 5146 28316
rect 5016 27994 5018 27996
rect 4186 27678 4378 27684
rect 3374 25472 3614 25478
rect 3368 25220 3374 25472
rect 3614 25220 3620 25472
rect 3374 25214 3614 25220
rect 3951 22275 4143 27328
rect 4207 26428 4271 27052
rect 4335 26090 4527 26102
rect 4207 25732 4271 25962
rect 4207 25662 4271 25668
rect 4335 25910 4341 26090
rect 4521 25910 4527 26090
rect 4335 22275 4527 25910
rect 4826 22275 5018 27994
rect -1757 22175 6781 22275
rect -1757 22014 2514 22175
rect 2687 22014 6781 22175
rect -1757 21936 6781 22014
<< via1 >>
rect 2080 33647 2144 33711
rect 2495 33180 2735 33420
rect 160 32928 224 32992
rect 1923 32928 1987 32992
rect 1184 28904 1376 29096
rect 3008 32928 3072 32992
rect 3685 32928 3749 32992
rect 1685 28904 1877 29096
rect 51 28768 115 28832
rect 2947 28904 3139 29096
rect 3320 28904 3512 29096
rect 3685 29058 3749 29122
rect 4186 28904 4378 29096
rect 4709 28904 4901 29096
rect 819 27684 1011 27876
rect 1450 27684 1642 27876
rect 5082 28768 5146 28832
rect 4186 28340 4378 28532
rect 2069 27684 2261 27876
rect 2701 27684 2893 27876
rect 937 25668 1002 25733
rect 2189 25668 2253 25732
rect 2936 27684 3128 27876
rect 3567 27684 3759 27876
rect 4186 27684 4378 27876
rect 3374 25466 3614 25472
rect 3374 25226 3380 25466
rect 3380 25226 3608 25466
rect 3608 25226 3614 25466
rect 3374 25220 3614 25226
rect 4207 25668 4271 25732
<< metal2 >>
rect 2080 33711 2144 33712
rect 2074 33647 2080 33711
rect 2144 33647 2150 33711
rect 2080 33638 2144 33647
rect 2500 33420 2730 33424
rect 2489 33180 2495 33420
rect 2735 33180 2741 33420
rect 2500 33176 2730 33180
rect 3008 32992 3072 32998
rect 154 32928 160 32992
rect 224 32928 1923 32992
rect 1987 32928 1993 32992
rect 3072 32928 3685 32992
rect 3749 32928 3755 32992
rect 3008 32922 3072 32928
rect 3685 29122 3749 29123
rect 3320 29096 3512 29102
rect 1178 28904 1184 29096
rect 1376 28904 1685 29096
rect 1877 28904 1883 29096
rect 2941 28904 2947 29096
rect 3139 28904 3320 29096
rect 3512 28904 3518 29096
rect 3679 29058 3685 29122
rect 3749 29058 3755 29122
rect 4186 29096 4378 29102
rect 4709 29096 4901 29102
rect 3685 29049 3749 29058
rect 4378 28904 4709 29096
rect 3320 28898 3512 28904
rect 4186 28898 4378 28904
rect 4709 28898 4901 28904
rect 51 28832 115 28838
rect 2084 28832 2140 28837
rect 115 28828 5082 28832
rect 115 28772 2084 28828
rect 2140 28772 5082 28828
rect 115 28768 5082 28772
rect 5146 28768 5152 28832
rect 51 28762 115 28768
rect 2084 28763 2140 28768
rect 4186 28532 4378 28538
rect 4378 28340 4387 28532
rect 4186 28334 4378 28340
rect 813 27684 819 27876
rect 1011 27684 1450 27876
rect 1642 27684 1648 27876
rect 2063 27684 2069 27876
rect 2261 27684 2701 27876
rect 2893 27684 2936 27876
rect 3128 27684 3134 27876
rect 3561 27684 3567 27876
rect 3759 27684 4186 27876
rect 4378 27684 4384 27876
rect 931 25668 937 25733
rect 1002 25732 1122 25733
rect 1002 25668 2189 25732
rect 2253 25668 4207 25732
rect 4271 25668 4277 25732
rect 3374 25472 3614 25478
rect 3365 25220 3374 25472
rect 3374 25214 3614 25220
<< via2 >>
rect 2080 33647 2144 33703
rect 2500 33185 2730 33415
rect 3685 29058 3749 29114
rect 2084 28772 2140 28828
rect 4196 28340 4378 28532
rect 3374 25220 3604 25472
<< metal3 >>
rect 2075 33703 2149 33708
rect 2075 33647 2080 33703
rect 2144 33647 2149 33703
rect 2075 33642 2149 33647
rect -202 28972 -138 28978
rect -202 28648 -138 28908
rect 2080 28833 2144 33642
rect 2495 33415 2735 33420
rect 2495 33185 2500 33415
rect 2730 33185 2735 33415
rect 2079 28828 2145 28833
rect 2079 28772 2084 28828
rect 2140 28772 2145 28828
rect 2079 28767 2145 28772
rect -200 24970 -140 28648
rect 2495 25466 2735 33185
rect 3680 29114 3754 29119
rect 3680 29058 3685 29114
rect 3749 29058 3754 29114
rect 3680 29053 3754 29058
rect 3685 28972 3749 29053
rect 5322 28908 5328 28972
rect 5392 28908 5398 28972
rect 3685 28902 3749 28908
rect 4187 28335 4193 28537
rect 4383 28335 4389 28537
rect 3369 25472 3609 25477
rect 3369 25466 3374 25472
rect 2495 25230 3374 25466
rect 2496 25226 3374 25230
rect 3369 25220 3374 25226
rect 3604 25220 3609 25472
rect 3369 25215 3609 25220
rect 5328 24988 5392 28908
<< via3 >>
rect -202 28908 -138 28972
rect 3685 28908 3749 28972
rect 5328 28908 5392 28972
rect 4193 28532 4383 28537
rect 4193 28340 4196 28532
rect 4196 28340 4378 28532
rect 4378 28340 4383 28532
rect 4193 28335 4383 28340
<< metal4 >>
rect -203 28972 -137 28973
rect 3684 28972 3750 28973
rect 5327 28972 5393 28973
rect -203 28908 -202 28972
rect -138 28908 3685 28972
rect 3749 28908 5328 28972
rect 5392 28908 5393 28972
rect -203 28907 -137 28908
rect 3684 28907 3750 28908
rect 5327 28907 5393 28908
rect 4192 28537 4384 28538
rect 4192 28532 4193 28537
rect -196 28340 4193 28532
rect -196 25004 -4 28340
rect 4192 28335 4193 28340
rect 4383 28532 4384 28537
rect 4383 28340 5396 28532
rect 4383 28335 4384 28340
rect 4192 28334 4384 28335
rect 5204 25004 5396 28340
use LELOATR_LVT_NCH_4C5F0  x1<0> ~/pro/aicex/ip/lelo_gr02_sky130a/design/LELO_GR02_SKY130A/../LELO_ATR_SKY130A
timestamp 1774306614
transform 1 0 2029 0 1 25853
box -184 -128 1336 928
use LELOATR_LVT_NCH_4C5F0  x1<1>
timestamp 1774306614
transform 1 0 2029 0 1 26788
box -184 -128 1336 928
use JNWTR_CAPX4  x2<0> ~/pro/aicex/ip/lelo_gr02_sky130a/design/LELO_GR02_SKY130A/../JNW_TR_SKY130A
timestamp 1774192453
transform -1 0 1682 0 -1 25032
box 480 0 3120 2640
use JNWTR_CAPX4  x2<1>
timestamp 1774192453
transform -1 0 7152 0 -1 25064
box 480 0 3120 2640
use JNWTR_RPPO8  x2 ~/pro/aicex/ip/lelo_gr02_sky130a/design/LELO_GR02_SKY130A/../JNW_TR_SKY130A
timestamp 1774192453
transform 1 0 1247 0 1 22306
box 0 0 2744 3440
use LELOATR_PCH_8C5F0  x3 ~/pro/aicex/ip/lelo_gr02_sky130a/design/LELO_GR02_SKY130A/../LELO_ATR_SKY130A
timestamp 1767481200
transform 1 0 1920 0 1 33607
box -184 -128 1592 928
use LELOATR_LVT_PCH_12C5F0  x4<0> ~/pro/aicex/ip/lelo_gr02_sky130a/design/LELO_GR02_SKY130A/../LELO_ATR_SKY130A
timestamp 1767481200
transform 1 0 3525 0 1 29150
box -184 -128 1848 928
use LELOATR_LVT_PCH_12C5F0  x4<1>
timestamp 1767481200
transform 1 0 3525 0 1 30084
box -184 -128 1848 928
use LELOATR_LVT_PCH_12C5F0  x4<2>
timestamp 1767481200
transform 1 0 3525 0 1 31018
box -184 -128 1848 928
use LELOATR_LVT_PCH_12C5F0  x4<3>
timestamp 1767481200
transform 1 0 3525 0 1 31952
box -184 -128 1848 928
use LELOATR_LVT_NCH_4C5F0  x5<0>
timestamp 1774306614
transform 1 0 778 0 1 25853
box -184 -128 1336 928
use LELOATR_LVT_NCH_4C5F0  x5<1>
timestamp 1774306614
transform 1 0 778 0 1 26787
box -184 -128 1336 928
use LELOATR_NCH_8C1F2  x6 ~/pro/aicex/ip/lelo_gr02_sky130a/design/LELO_GR02_SKY130A/../LELO_ATR_SKY130A
timestamp 1774479726
transform 1 0 -109 0 1 27877
box -184 -128 1592 928
use LELOATR_LVT_NCH_4C5F0  x7<0>
timestamp 1774306614
transform -1 0 4431 0 -1 27588
box -184 -128 1336 928
use LELOATR_LVT_NCH_4C5F0  x7<1>
timestamp 1774306614
transform -1 0 4431 0 -1 26653
box -184 -128 1336 928
use LELOATR_LVT_PCH_12C5F0  x8<0>
timestamp 1767481200
transform 1 0 1763 0 1 29150
box -184 -128 1848 928
use LELOATR_LVT_PCH_12C5F0  x8<1>
timestamp 1767481200
transform 1 0 1763 0 1 30084
box -184 -128 1848 928
use LELOATR_LVT_PCH_12C5F0  x8<2>
timestamp 1767481200
transform 1 0 1763 0 1 31018
box -184 -128 1848 928
use LELOATR_LVT_PCH_12C5F0  x8<3>
timestamp 1767481200
transform 1 0 1763 0 1 31952
box -184 -128 1848 928
use LELOATR_LVT_NCH_4C5F0  x8
timestamp 1774306614
transform -1 0 2549 0 -1 28676
box -184 -128 1336 928
use LELOATR_LVT_PCH_12C5F0  x9<0>
timestamp 1767481200
transform 1 0 0 0 1 29150
box -184 -128 1848 928
use LELOATR_LVT_PCH_12C5F0  x9<1>
timestamp 1767481200
transform 1 0 0 0 1 30084
box -184 -128 1848 928
use LELOATR_LVT_PCH_12C5F0  x9<2>
timestamp 1767481200
transform 1 0 0 0 1 31018
box -184 -128 1848 928
use LELOATR_LVT_PCH_12C5F0  x9<3>
timestamp 1767481200
transform 1 0 0 0 1 31952
box -184 -128 1848 928
use LELOATR_NCH_8C1F2  x10
timestamp 1774479726
transform -1 0 5306 0 -1 28676
box -184 -128 1592 928
use LELOATR_LVT_NCH_4C5F0  x11
timestamp 1774306614
transform 1 0 2648 0 1 27876
box -184 -128 1336 928
<< labels >>
flabel metal1 s 2325 28236 2389 28316 0 FreeSans 400 180 0 0 VIN
port 4 nsew signal bidirectional
flabel metal1 s 2808 28236 2872 28316 0 FreeSans 400 0 0 0 VIP
port 5 nsew signal bidirectional
flabel metal1 s 4186 28556 4378 28636 0 FreeSans 400 180 0 0 VOUT
port 6 nsew signal bidirectional
flabel metal1 s 2208 34187 2400 34267 0 FreeSans 400 0 0 0 VDD_1V8
port 7 nsew power bidirectional
flabel metal1 s 5082 28236 5146 28316 0 FreeSans 400 180 0 0 PWRUP_N_1V8
port 1 nsew signal bidirectional
flabel metal1 s 4826 27996 5018 28076 0 FreeSans 400 180 0 0 VSS
port 3 nsew ground bidirectional
<< properties >>
string FIXED_BBOX 0 0 2744 33008
<< end >>
